A=
     0.00013     41.23000    791.20000  -1544.00000 
     1.77700      0.00002     20.70000    -90.35000 
     9.18800      0.00015    -10.15000      0.00020 
   100.20000  14420.00000   -701.40000      5.32100 

B=
    -0.04000      0.04000      0.12000      3.00000 
     0.56000     -1.56000      0.32000      1.00000 
    -0.24000      1.24000     -0.28000      0.00000 
     0.12000      0.23000      0.34000      0.45000 

C=
     2.00000      1.00000     -3.00000     -1.00000 
    -1.00000      3.00000      2.00000     12.00000 
     3.00000      1.00000     -3.00000      0.00000 
     1.00000      2.00000      3.00000      4.00000 

When X' is inverse matrix of X,
 then AB + CA is
  -478.06595 -13775.89122   1601.64762  -3837.24121 
  1210.22580 173003.72891  -9202.50175   1301.47592 
   -23.71802    111.47090   2428.69468  -4694.78636 
  8672.08465  34361.52632   2821.17514  13019.57905 

 and (AB' + CA')' is
     0.00200     -0.06716      0.00758     -0.00000 
     0.00276     -0.05814      0.07317     -0.00012 
    -0.00122      0.02075     -0.03105      0.00009 
     0.00145     -0.02971      0.01834      0.00001 

 and (AB' - CA')(AB' - CA')' is
 1.00000e+00  7.10543e-15  7.10543e-15  3.46945e-17 
-2.77556e-17  1.00000e+00  6.66134e-16  2.16840e-18 
-6.93889e-18 -1.11022e-16  1.00000e+00  5.96311e-19 
 3.19744e-14 -8.24230e-13  4.26326e-13  1.00000e+00 

     1.00000      0.00000      0.00000      0.00000 
    -0.00000      1.00000      0.00000      0.00000 
    -0.00000     -0.00000      1.00000      0.00000 
     0.00000     -0.00000      0.00000      1.00000 

[std05@mars labFinal]$ 
